0.37272728044878356;5.70563335576107;11.10563343622734;11.268918706013537;13.868918744756556;
0.37272728044878356;5.70563335576107;11.10563343622734;11.268918706013537;14.068918747736788;
0.37272728044878356;5.70563335576107;11.10563343622734;11.268918706013537;14.26891875071702;
0.37272728044878356;5.70563335576107;11.10563343622734;11.268918706013537;14.068918747736788;
0.37272728044878356;5.70563335576107;11.10563343622734;11.26958599194267;13.869586030685689;
0.37272728044878356;5.70563335576107;11.10563343622734;11.26958599194267;14.06958603366592;
0.37272728044878356;5.70563335576107;11.10563343622734;11.26958599194267;13.869586030685689;
0.37272728044878356;5.70563335576107;11.10563343622734;11.26958599194267;14.269586036646153;
0.37272728044878356;5.70563335576107;11.10563343622734;11.26958599194267;14.469586039626385;
0.37272728044878356;5.70563335576107;11.10563343622734;11.26958599194267;14.269586036646153;
0.37272728044878356;5.70563335576107;11.10563343622734;11.26958599194267;14.669586042606618;
0.37272728044878356;5.70563335576107;11.10563343622734;11.26958599194267;14.86958604558685;
0.37272728044878356;5.70563335576107;11.10563343622734;11.26958599194267;15.069586048567082;
0.37272728044878356;5.70563335576107;11.10563343622734;11.26958599194267;14.86958604558685;
0.37272728044878356;5.70563335576107;11.10563343622734;11.26958599194267;15.269586051547314;
0.37272728044878356;5.70563335576107;11.10563343622734;11.26958599194267;15.069586048567082;
0.37272728044878356;5.70563335576107;11.10563343622734;11.26958599194267;15.469586054527547;
0.37272728044878356;5.70563335576107;11.10563343622734;11.26958599194267;15.269586051547314;
0.37272728044878356;5.70563335576107;11.10563343622734;11.26958599194267;15.669586057507779;
0.37272728044878356;5.70563335576107;11.10563343622734;11.26958599194267;15.869586060488011;
0.37272728044878356;5.70563335576107;11.10563343622734;11.26958599194267;15.669586057507779;
0.37272728044878356;5.70563335576107;11.10563343622734;11.26958599194267;16.069586063468243;
0.37272728044878356;5.70563335576107;11.10563343622734;11.26958599194267;16.269586066448475;
0.37272728044878356;5.70563335576107;11.10563343622734;11.26958599194267;16.469586069428708;
0.37272728044878356;5.698225952658443;11.098226033124714;11.262178588840044;16.26217866334585;
0.37272728044878356;5.70563335576107;11.10563343622734;11.26958599194267;16.66958607240894;
0.37272728044878356;5.698225952658443;11.098226033124714;11.262178588840044;16.462178666326082;
0.37272728044878356;5.676003719508702;11.076003799974973;11.239956355690303;16.639956436156574;
0.37272728044878356;5.70563335576107;11.10563343622734;11.26958599194267;16.869586075389172;
0.37272728044878356;5.70563335576107;11.10563343622734;11.26958599194267;17.069586078369404;
0.37272728044878356;5.683411134532259;11.083411214998529;11.24736377071386;16.847363854160363;
0.37272728044878356;5.70563335576107;11.10563343622734;11.26958599194267;17.269586081349637;
0.37272728044878356;5.698225952658443;11.098226033124714;11.262178588840044;17.06217867526678;
0.37272728044878356;5.70563335576107;11.10563343622734;11.26958599194267;17.46958608432987;
0.37272728044878356;5.698225952658443;11.098226033124714;11.262178588840044;17.26217867824701;
0.37272728044878356;5.70563335576107;11.10563343622734;11.26958599194267;17.6695860873101;
0.37272728044878356;5.70563335576107;11.10563343622734;11.26958599194267;17.869586090290333;
0.37272728044878356;5.698225952658443;11.098226033124714;11.262178588840044;17.662178684207475;
0.37272728044878356;5.70563335576107;11.10563343622734;11.26958599194267;18.069586093270566;
0.37272728044878356;5.698225952658443;11.098226033124714;11.262178588840044;17.862178687187708;
0.37272728044878356;5.70563335576107;11.10563343622734;11.26958599194267;18.269586096250798;
0.37272728044878356;5.698225952658443;11.098226033124714;11.262178588840044;18.06217869016794;
0.37272728044878356;5.70563335576107;11.10563343622734;11.26958599194267;18.46958609923103;
0.37272728044878356;5.690818537634886;11.090818618101157;11.254771173816486;18.254771278124615;
0.37272728044878356;5.70563335576107;11.10563343622734;11.26958599194267;18.669586102211262;
0.37272728044878356;5.70563335576107;11.10563343622734;11.26958599194267;18.869586105191495;
0.37272728044878356;5.698225952658443;11.098226033124714;11.262178588840044;18.662178699108637;
0.37272728044878356;5.70563335576107;11.10563343622734;11.26958599194267;19.069586108171727;
0.37272728044878356;5.698225952658443;11.098226033124714;11.262178588840044;18.86217870208887;
0.37272728044878356;5.70563335576107;11.10563343622734;11.26958599194267;19.26958611115196;
0.37272728044878356;5.698225952658443;11.098226033124714;11.262178588840044;19.0621787050691;
0.37272728044878356;5.70563335576107;11.10563343622734;11.26958599194267;19.46958611413219;
0.37272728044878356;5.698225952658443;11.098226033124714;11.262178588840044;19.262178708049333;
0.37272728044878356;5.70563335576107;11.10563343622734;11.26958599194267;19.669586117112424;
0.37272728044878356;5.698225952658443;11.098226033124714;11.262178588840044;19.462178711029566;
0.37272728044878356;5.70563335576107;11.10563343622734;11.26958599194267;19.869586120092656;
0.37272728044878356;5.698225952658443;11.098226033124714;11.262178588840044;19.662178714009798;
0.37272728044878356;5.70563335576107;11.10563343622734;11.26958599194267;20.069586123072888;
0.37272728044878356;5.698225952658443;11.098226033124714;11.262178588840044;19.86217871699003;
0.37272728044878356;5.70563335576107;11.10563343622734;11.26958599194267;20.26958612605312;
0.37272728044878356;5.698225952658443;11.098226033124714;11.262178588840044;20.062178719970262;
0.37272728044878356;5.70563335576107;11.10563343622734;11.26958599194267;20.469586129033353;
0.37272728044878356;5.698225952658443;11.098226033124714;11.262178588840044;20.262178722950495;
0.37272728044878356;5.70563335576107;11.10563343622734;11.26958599194267;20.669586132013585;
0.37272728044878356;5.698225952658443;11.098226033124714;11.262178588840044;20.462178725930727;
0.37272728044878356;5.70563335576107;11.10563343622734;11.26958599194267;20.869586134993817;
